2.00 2.00 2.00 2.00 2.00 6.00 2.00 2.00 2.00 2.00 2.00
4.00 4.00 4.00 4.00 6.00 6.10 6.00 4.00 4.00 4.00 4.00
6.00 6.00 6.00 4.00 6.00 6.15 6.00 6.00 6.00 6.00 6.00
6.20 6.20 6.20 6.20 6.20 6.20 6.20 6.20 6.20 6.20 6.20
6.50 6.50 6.50 6.50 6.50 6.50 6.50 6.50 6.50 6.50 6.50
7.00 7.00 7.00 7.00 7.00 7.00 7.00 7.00 7.00 7.00 7.00
7.20 7.20 7.20 7.20 7.20 7.20 7.20 7.20 7.20 7.20 7.20
8.00 8.00 8.00 7.40 7.40 7.40 7.40 7.40 8.00 8.00 8.00
8.05 8.05 8.05 8.05 7.50 7.50 7.50 8.05 8.05 8.05 8.05
8.10 8.10 8.10 8.10 8.10 8.10 8.10 8.10 8.10 8.10 8.10
8.15 8.15 8.15 8.15 8.15 8.15 8.15 8.15 8.15 8.15 8.15
8.20 8.20 8.20 8.20 8.20 8.20 8.20 8.20 8.20 8.20 8.20
8.25 8.05 8.25 8.25 8.25 8.25 8.25 8.25 8.25 8.25 8.25